2L:0..100000 	3.00	3.00	3.00	
2L:100000..200000 	3.00	3.00	3.00	
2L:200000..300000 	3.00	3.00	3.00	
2L:300000..400000 	3.00	3.00	3.00	
2L:400000..500000 	3.00	3.00	3.00	
2L:500000..600000 	3.00	3.00	3.00	
2L:600000..700000 	3.00	3.00	3.00	
2L:700000..800000 	3.00	3.00	3.00	
2L:800000..900000 	3.00	3.00	3.00	
2L:900000..1000000 	3.00	3.00	3.00	
2L:1000000..1100000 	3.00	3.00	3.00	
2L:1100000..1200000 	3.00	3.00	3.00	
2L:1200000..1300000 	3.00	3.00	3.00	
2L:1300000..1400000 	3.00	3.00	3.00	
2L:1400000..1500000 	3.00	3.00	3.00	
2L:1500000..1600000 	3.00	3.00	3.00	
2L:1600000..1700000 	3.00	3.00	3.00	
2L:1700000..1800000 	3.00	3.00	3.00	
2L:1800000..1900000 	3.00	3.00	3.00	
2L:1900000..2000000 	3.00	3.00	3.00	
2L:2000000..2100000 	3.00	3.00	3.00	
2L:2100000..2200000 	3.00	3.00	3.00	
2L:2200000..2300000 	3.00	3.00	3.00	
2L:2300000..2400000 	3.00	3.00	3.00	
2L:2400000..2500000 	3.00	3.00	3.00	
2L:2500000..2600000 	3.00	3.00	3.00	
2L:2600000..2700000 	3.00	3.00	3.00	
2L:2700000..2800000 	3.00	3.00	3.00	
2L:2800000..2900000 	3.00	3.00	3.00	
2L:2900000..3000000 	3.00	3.00	3.00	
2L:3000000..3100000 	3.00	3.00	3.00	
2L:3100000..3200000 	3.00	3.00	3.00	
2L:3200000..3300000 	3.00	3.00	3.00	
2L:3300000..3400000 	3.00	3.00	3.00	
2L:3400000..3500000 	3.00	3.00	3.00	
2L:3500000..3600000 	3.00	3.00	3.00	
2L:3600000..3700000 	3.00	3.00	3.00	
2L:3700000..3800000 	3.00	3.00	3.00	
2L:3800000..3900000 	3.00	3.00	3.00	
2L:3900000..4000000 	3.00	3.00	3.00	
2L:4000000..4100000 	3.00	3.00	3.00	
2L:4100000..4200000 	3.00	3.00	3.00	
2L:4200000..4300000 	3.00	3.00	3.00	
2L:4300000..4400000 	3.00	3.00	3.00	
2L:4400000..4500000 	3.00	3.00	3.00	
2L:4500000..4600000 	3.00	3.00	3.00	
2L:4600000..4700000 	3.00	3.00	3.00	
2L:4700000..4800000 	3.00	3.00	3.00	
2L:4800000..4900000 	3.00	3.00	3.00	
2L:4900000..5000000 	3.00	3.00	3.00	
2L:5000000..5100000 	3.00	3.00	3.00	
2L:5100000..5200000 	3.00	3.00	3.00	
2L:5200000..5300000 	3.00	3.00	3.00	
2L:5300000..5400000 	3.00	3.00	3.00	
2L:5400000..5500000 	3.00	3.00	3.00	
2L:5500000..5600000 	3.00	3.00	3.00	
2L:5600000..5700000 	3.00	3.00	3.00	
2L:5700000..5800000 	3.00	3.00	3.00	
2L:5800000..5900000 	3.00	3.00	3.00	
2L:5900000..6000000 	3.00	3.00	3.00	
2L:6000000..6100000 	3.00	3.00	3.00	
2L:6100000..6200000 	3.00	3.00	3.00	
2L:6200000..6300000 	3.00	3.00	3.00	
2L:6300000..6400000 	3.00	3.00	3.00	
2L:6400000..6500000 	3.00	3.00	3.00	
2L:6500000..6600000 	3.00	3.00	3.00	
2L:6600000..6700000 	3.00	3.00	3.00	
2L:6700000..6800000 	3.00	3.00	3.00	
2L:6800000..6900000 	3.00	3.00	3.00	
2L:6900000..7000000 	3.00	3.00	3.00	
2L:7000000..7100000 	3.00	3.00	3.00	
2L:7100000..7200000 	3.00	3.00	3.00	
2L:7200000..7300000 	3.00	3.00	3.00	
2L:7300000..7400000 	3.00	3.00	3.00	
2L:7400000..7500000 	3.00	3.00	3.00	
2L:7500000..7600000 	3.00	3.00	3.00	
2L:7600000..7700000 	3.00	3.00	3.00	
2L:7700000..7800000 	3.00	3.00	3.00	
2L:7800000..7900000 	3.00	3.00	3.00	
2L:7900000..8000000 	3.00	3.00	3.00	
2L:8000000..8100000 	3.00	3.00	3.00	
2L:8100000..8200000 	3.00	3.00	3.00	
2L:8200000..8300000 	3.00	3.00	3.00	
2L:8300000..8400000 	3.00	3.00	3.00	
2L:8400000..8500000 	3.00	3.00	3.00	
2L:8500000..8600000 	3.00	3.00	3.00	
2L:8600000..8700000 	3.00	3.00	3.00	
2L:8700000..8800000 	3.00	3.00	3.00	
2L:8800000..8900000 	3.00	3.00	3.00	
2L:8900000..9000000 	3.00	3.00	3.00	
2L:9000000..9100000 	3.00	3.00	3.00	
2L:9100000..9200000 	3.00	3.00	3.00	
2L:9200000..9300000 	3.00	3.00	3.00	
2L:9300000..9400000 	3.00	3.00	3.00	
2L:9400000..9500000 	3.00	3.00	3.00	
2L:9500000..9600000 	3.00	3.00	3.00	
2L:9600000..9700000 	3.00	3.00	3.00	
2L:9700000..9800000 	3.00	3.00	3.00	
2L:9800000..9900000 	3.00	3.00	3.00	
2L:9900000..10000000 	3.00	3.00	3.00	
2L:10000000..10100000 	3.00	3.00	3.00	
2L:10100000..10200000 	3.00	3.00	3.00	
2L:10200000..10300000 	3.00	3.00	3.00	
2L:10300000..10400000 	3.00	3.00	3.00	
2L:10400000..10500000 	3.00	3.00	3.00	
2L:10500000..10600000 	3.00	3.00	3.00	
2L:10600000..10700000 	3.00	3.00	3.00	
2L:10700000..10800000 	3.00	3.00	3.00	
2L:10800000..10900000 	3.00	3.00	3.00	
2L:10900000..11000000 	3.00	3.00	3.00	
2L:11000000..11100000 	3.00	3.00	3.00	
2L:11100000..11200000 	3.00	3.00	3.00	
2L:11200000..11300000 	3.00	3.00	3.00	
2L:11300000..11400000 	3.00	3.00	3.00	
2L:11400000..11500000 	3.00	3.00	3.00	
2L:11500000..11600000 	3.00	3.00	3.00	
2L:11600000..11700000 	3.00	3.00	3.00	
2L:11700000..11800000 	3.00	3.00	3.00	
2L:11800000..11900000 	3.00	3.00	3.00	
2L:11900000..12000000 	3.00	3.00	3.00	
2L:12000000..12100000 	3.00	3.00	3.00	
2L:12100000..12200000 	3.00	3.00	3.00	
2L:12200000..12300000 	3.00	3.00	3.00	
2L:12300000..12400000 	3.00	3.00	3.00	
2L:12400000..12500000 	3.00	3.00	3.00	
2L:12500000..12600000 	3.00	3.00	3.00	
2L:12600000..12700000 	3.00	3.00	3.00	
2L:12700000..12800000 	3.00	3.00	3.00	
2L:12800000..12900000 	3.00	3.00	3.00	
2L:12900000..13000000 	3.00	3.00	3.00	
2L:13000000..13100000 	3.00	3.00	3.00	
2L:13100000..13200000 	3.00	3.00	3.00	
2L:13200000..13300000 	3.00	3.00	3.00	
2L:13300000..13400000 	3.00	3.00	3.00	
2L:13400000..13500000 	3.00	3.00	3.00	
2L:13500000..13600000 	3.00	3.00	3.00	
2L:13600000..13700000 	3.00	3.00	3.00	
2L:13700000..13800000 	3.00	3.00	3.00	
2L:13800000..13900000 	3.00	3.00	3.00	
2L:13900000..14000000 	3.00	3.00	3.00	
2L:14000000..14100000 	3.00	3.00	3.00	
2L:14100000..14200000 	3.00	3.00	3.00	
2L:14200000..14300000 	3.00	3.00	3.00	
2L:14300000..14400000 	3.00	3.00	3.00	
2L:14400000..14500000 	3.00	3.00	3.00	
2L:14500000..14600000 	3.00	3.00	3.00	
2L:14600000..14700000 	3.00	3.00	3.00	
2L:14700000..14800000 	3.00	3.00	3.00	
2L:14800000..14900000 	3.00	3.00	3.00	
2L:14900000..15000000 	3.00	3.00	3.00	
2L:15000000..15100000 	3.00	3.00	3.00	
2L:15100000..15200000 	3.00	3.00	3.00	
2L:15200000..15300000 	3.00	3.00	3.00	
2L:15300000..15400000 	3.00	3.00	3.00	
2L:15400000..15500000 	3.00	3.00	3.00	
2L:15500000..15600000 	3.00	3.00	3.00	
2L:15600000..15700000 	3.00	3.00	3.00	
2L:15700000..15800000 	3.00	3.00	3.00	
2L:15800000..15900000 	3.00	3.00	3.00	
2L:15900000..16000000 	3.00	3.00	3.00	
2L:16000000..16100000 	3.00	3.00	3.00	
2L:16100000..16200000 	3.00	3.00	3.00	
2L:16200000..16300000 	3.00	3.00	3.00	
2L:16300000..16400000 	3.00	3.00	3.00	
2L:16400000..16500000 	3.00	3.00	3.00	
2L:16500000..16600000 	3.00	3.00	3.00	
2L:16600000..16700000 	3.00	3.00	3.00	
2L:16700000..16800000 	3.00	3.00	3.00	
2L:16800000..16900000 	3.00	3.00	3.00	
2L:16900000..17000000 	3.00	3.00	3.00	
2L:17000000..17100000 	3.00	3.00	3.00	
2L:17100000..17200000 	3.00	3.00	3.00	
2L:17200000..17300000 	3.00	3.00	3.00	
2L:17300000..17400000 	3.00	3.00	3.00	
2L:17400000..17500000 	3.00	3.00	3.00	
2L:17500000..17600000 	3.00	3.00	3.00	
2L:17600000..17700000 	3.00	3.00	3.00	
2L:17700000..17800000 	3.00	3.00	3.00	
2L:17800000..17900000 	3.00	3.00	3.00	
2L:17900000..18000000 	3.00	3.00	3.00	
2L:18000000..18100000 	3.00	3.00	3.00	
2L:18100000..18200000 	3.00	3.00	3.00	
2L:18200000..18300000 	3.00	3.00	3.00	
2L:18300000..18400000 	3.00	3.00	3.00	
2L:18400000..18500000 	3.00	3.00	3.00	
2L:18500000..18600000 	3.00	3.00	3.00	
2L:18600000..18700000 	3.00	3.00	3.00	
2L:18700000..18800000 	3.00	3.00	3.00	
2L:18800000..18900000 	3.00	3.00	3.00	
2L:18900000..19000000 	3.00	3.00	3.00	
2L:19000000..19100000 	3.00	3.00	3.00	
2L:19100000..19200000 	3.00	3.00	3.00	
2L:19200000..19300000 	3.00	3.00	3.00	
2L:19300000..19400000 	3.00	3.00	3.00	
2L:19400000..19500000 	3.00	3.00	3.00	
2L:19500000..19600000 	3.00	3.00	3.00	
2L:19600000..19700000 	3.00	3.00	3.00	
2L:19700000..19800000 	3.00	3.00	3.00	
2L:19800000..19900000 	3.00	3.00	3.00	
2L:19900000..20000000 	3.00	3.00	3.00	
2L:20000000..20100000 	3.00	3.00	3.00	
2L:20100000..20200000 	3.00	3.00	3.00	
2L:20200000..20300000 	3.00	3.00	3.00	
2L:20300000..20400000 	3.00	3.00	3.00	
2L:20400000..20500000 	3.00	3.00	3.00	
2L:20500000..20600000 	3.00	3.00	3.00	
2L:20600000..20700000 	3.00	3.00	3.00	
2L:20700000..20800000 	3.00	3.00	3.00	
2L:20800000..20900000 	3.00	3.00	3.00	
2L:20900000..21000000 	3.00	3.00	3.00	
2L:21000000..21100000 	3.00	3.00	3.00	
2L:21100000..21200000 	3.00	3.00	3.00	
2L:21200000..21300000 	3.00	3.00	3.00	
2L:21300000..21400000 	3.00	3.00	3.00	
2L:21400000..21500000 	3.00	3.00	3.00	
2L:21500000..21600000 	3.00	3.00	3.00	
2L:21600000..21700000 	3.00	3.00	3.00	
2L:21700000..21800000 	3.00	3.00	3.00	
2L:21800000..21900000 	3.00	3.00	3.00	
2L:21900000..22000000 	3.00	3.00	3.00	
2L:22000000..22100000 	3.00	3.00	3.00	
2L:22100000..22200000 	3.00	3.00	3.00	
2L:22200000..22300000 	3.00	3.00	3.00	
2L:22300000..22400000 	3.00	3.00	3.00	
2L:22400000..22500000 	3.00	3.00	3.00	
2L:22500000..22600000 	3.00	3.00	3.00	
2L:22600000..22700000 	3.00	3.00	3.00	
2L:22700000..22800000 	3.00	3.00	3.00	
2L:22800000..22900000 	3.00	3.00	3.00	
2L:22900000..23000000 	3.00	3.00	3.00	
2L:23000000..23011544 	3.00	3.00	3.00	
2R:0..100000 	3.00	3.00	3.00	
2R:100000..200000 	3.00	3.00	3.00	
2R:200000..300000 	3.00	3.00	3.00	
2R:300000..400000 	3.00	3.00	3.00	
2R:400000..500000 	3.00	3.00	3.00	
2R:500000..600000 	3.00	3.00	3.00	
2R:600000..700000 	3.00	3.00	3.00	
2R:700000..800000 	3.00	3.00	3.00	
2R:800000..900000 	3.00	3.00	3.00	
2R:900000..1000000 	3.00	3.00	3.00	
2R:1000000..1100000 	3.00	3.00	3.00	
2R:1100000..1200000 	3.00	3.00	3.00	
2R:1200000..1300000 	3.00	3.00	3.00	
2R:1300000..1400000 	3.00	3.00	3.00	
2R:1400000..1500000 	3.00	3.00	3.00	
2R:1500000..1600000 	3.00	3.00	3.00	
2R:1600000..1700000 	3.00	3.00	3.00	
2R:1700000..1800000 	3.00	3.00	3.00	
2R:1800000..1900000 	3.00	3.00	3.00	
2R:1900000..2000000 	3.00	3.00	3.00	
2R:2000000..2100000 	3.00	3.00	3.00	
2R:2100000..2200000 	3.00	3.00	3.00	
2R:2200000..2300000 	3.00	3.00	3.00	
2R:2300000..2400000 	3.00	3.00	3.00	
2R:2400000..2500000 	3.00	3.00	3.00	
2R:2500000..2600000 	3.00	3.00	3.00	
2R:2600000..2700000 	3.00	3.00	3.00	
2R:2700000..2800000 	3.00	3.00	3.00	
2R:2800000..2900000 	3.00	3.00	3.00	
2R:2900000..3000000 	3.00	3.00	3.00	
2R:3000000..3100000 	3.00	3.00	3.00	
2R:3100000..3200000 	3.00	3.00	3.00	
2R:3200000..3300000 	3.00	3.00	3.00	
2R:3300000..3400000 	3.00	3.00	3.00	
2R:3400000..3500000 	3.00	3.00	3.00	
2R:3500000..3600000 	3.00	3.00	3.00	
2R:3600000..3700000 	3.00	3.00	3.00	
2R:3700000..3800000 	3.00	3.00	3.00	
2R:3800000..3900000 	3.00	3.00	3.00	
2R:3900000..4000000 	3.00	3.00	3.00	
2R:4000000..4100000 	3.00	3.00	3.00	
2R:4100000..4200000 	3.00	3.00	3.00	
2R:4200000..4300000 	3.00	3.00	3.00	
2R:4300000..4400000 	3.00	3.00	3.00	
2R:4400000..4500000 	3.00	3.00	3.00	
2R:4500000..4600000 	3.00	3.00	3.00	
2R:4600000..4700000 	3.00	3.00	3.00	
2R:4700000..4800000 	3.00	3.00	3.00	
2R:4800000..4900000 	3.00	3.00	3.00	
2R:4900000..5000000 	3.00	3.00	3.00	
2R:5000000..5100000 	3.00	3.00	3.00	
2R:5100000..5200000 	3.00	3.00	3.00	
2R:5200000..5300000 	3.00	3.00	3.00	
2R:5300000..5400000 	3.00	3.00	3.00	
2R:5400000..5500000 	3.00	3.00	3.00	
2R:5500000..5600000 	3.00	3.00	3.00	
2R:5600000..5700000 	3.00	3.00	3.00	
2R:5700000..5800000 	3.00	3.00	3.00	
2R:5800000..5900000 	3.00	3.00	3.00	
2R:5900000..6000000 	3.00	3.00	3.00	
2R:6000000..6100000 	3.00	3.00	3.00	
2R:6100000..6200000 	3.00	3.00	3.00	
2R:6200000..6300000 	3.00	3.00	3.00	
2R:6300000..6400000 	3.00	3.00	3.00	
2R:6400000..6500000 	3.00	3.00	3.00	
2R:6500000..6600000 	3.00	3.00	3.00	
2R:6600000..6700000 	3.00	3.00	3.00	
2R:6700000..6800000 	3.00	3.00	3.00	
2R:6800000..6900000 	3.00	3.00	3.00	
2R:6900000..7000000 	3.00	3.00	3.00	
2R:7000000..7100000 	3.00	3.00	3.00	
2R:7100000..7200000 	3.00	3.00	3.00	
2R:7200000..7300000 	3.00	3.00	3.00	
2R:7300000..7400000 	3.00	3.00	3.00	
2R:7400000..7500000 	3.00	3.00	3.00	
2R:7500000..7600000 	3.00	3.00	3.00	
2R:7600000..7700000 	3.00	3.00	3.00	
2R:7700000..7800000 	3.00	3.00	3.00	
2R:7800000..7900000 	3.00	3.00	3.00	
2R:7900000..8000000 	3.00	3.00	3.00	
2R:8000000..8100000 	3.00	3.00	3.00	
2R:8100000..8200000 	3.00	3.00	3.00	
2R:8200000..8300000 	3.00	3.00	3.00	
2R:8300000..8400000 	3.00	3.00	3.00	
2R:8400000..8500000 	3.00	3.00	3.00	
2R:8500000..8600000 	3.00	3.00	3.00	
2R:8600000..8700000 	3.00	3.00	3.00	
2R:8700000..8800000 	3.00	3.00	3.00	
2R:8800000..8900000 	3.00	3.00	3.00	
2R:8900000..9000000 	3.00	3.00	3.00	
2R:9000000..9100000 	3.00	3.00	3.00	
2R:9100000..9200000 	3.00	3.00	3.00	
2R:9200000..9300000 	3.00	3.00	3.00	
2R:9300000..9400000 	3.00	3.00	3.00	
2R:9400000..9500000 	3.00	3.00	3.00	
2R:9500000..9600000 	3.00	3.00	3.00	
2R:9600000..9700000 	3.00	3.00	3.00	
2R:9700000..9800000 	3.00	3.00	3.00	
2R:9800000..9900000 	3.00	3.00	3.00	
2R:9900000..10000000 	3.00	3.00	3.00	
2R:10000000..10100000 	3.00	3.00	3.00	
2R:10100000..10200000 	3.00	3.00	3.00	
2R:10200000..10300000 	3.00	3.00	3.00	
2R:10300000..10400000 	3.00	3.00	3.00	
2R:10400000..10500000 	3.00	3.00	3.00	
2R:10500000..10600000 	3.00	3.00	3.00	
2R:10600000..10700000 	3.00	3.00	3.00	
2R:10700000..10800000 	3.00	3.00	3.00	
2R:10800000..10900000 	3.00	3.00	3.00	
2R:10900000..11000000 	3.00	3.00	3.00	
2R:11000000..11100000 	3.00	3.00	3.00	
2R:11100000..11200000 	3.00	3.00	3.00	
2R:11200000..11300000 	3.00	3.00	3.00	
2R:11300000..11400000 	3.00	3.00	3.00	
2R:11400000..11500000 	3.00	3.00	3.00	
2R:11500000..11600000 	3.00	3.00	3.00	
2R:11600000..11700000 	3.00	3.00	3.00	
2R:11700000..11800000 	3.00	3.00	3.00	
2R:11800000..11900000 	3.00	3.00	3.00	
2R:11900000..12000000 	3.00	3.00	3.00	
2R:12000000..12100000 	3.00	3.00	3.00	
2R:12100000..12200000 	3.00	3.00	3.00	
2R:12200000..12300000 	3.00	3.00	3.00	
2R:12300000..12400000 	3.00	3.00	3.00	
2R:12400000..12500000 	3.00	3.00	3.00	
2R:12500000..12600000 	3.00	3.00	3.00	
2R:12600000..12700000 	3.00	3.00	3.00	
2R:12700000..12800000 	3.00	3.00	3.00	
2R:12800000..12900000 	3.00	3.00	3.00	
2R:12900000..13000000 	3.00	3.00	3.00	
2R:13000000..13100000 	3.00	3.00	3.00	
2R:13100000..13200000 	3.00	3.00	3.00	
2R:13200000..13300000 	3.00	3.00	3.00	
2R:13300000..13400000 	3.00	3.00	3.00	
2R:13400000..13500000 	3.00	3.00	3.00	
2R:13500000..13600000 	3.00	3.00	3.00	
2R:13600000..13700000 	3.00	3.00	3.00	
2R:13700000..13800000 	3.00	3.00	3.00	
2R:13800000..13900000 	3.00	3.00	3.00	
2R:13900000..14000000 	3.00	3.00	3.00	
2R:14000000..14100000 	3.00	3.00	3.00	
2R:14100000..14200000 	3.00	3.00	3.00	
2R:14200000..14300000 	3.00	3.00	3.00	
2R:14300000..14400000 	3.00	3.00	3.00	
2R:14400000..14500000 	3.00	3.00	3.00	
2R:14500000..14600000 	3.00	3.00	3.00	
2R:14600000..14700000 	3.00	3.00	3.00	
2R:14700000..14800000 	3.00	3.00	3.00	
2R:14800000..14900000 	3.00	3.00	3.00	
2R:14900000..15000000 	3.00	3.00	3.00	
2R:15000000..15100000 	3.00	3.00	3.00	
2R:15100000..15200000 	3.00	3.00	3.00	
2R:15200000..15300000 	3.00	3.00	3.00	
2R:15300000..15400000 	3.00	3.00	3.00	
2R:15400000..15500000 	3.00	3.00	3.00	
2R:15500000..15600000 	3.00	3.00	3.00	
2R:15600000..15700000 	3.00	3.00	3.00	
2R:15700000..15800000 	3.00	3.00	3.00	
2R:15800000..15900000 	3.00	3.00	3.00	
2R:15900000..16000000 	3.00	3.00	3.00	
2R:16000000..16100000 	3.00	3.00	3.00	
2R:16100000..16200000 	3.00	3.00	3.00	
2R:16200000..16300000 	3.00	3.00	3.00	
2R:16300000..16400000 	3.00	3.00	3.00	
2R:16400000..16500000 	3.00	3.00	3.00	
2R:16500000..16600000 	3.00	3.00	3.00	
2R:16600000..16700000 	3.00	3.00	3.00	
2R:16700000..16800000 	3.00	3.00	3.00	
2R:16800000..16900000 	3.00	3.00	3.00	
2R:16900000..17000000 	3.00	3.00	3.00	
2R:17000000..17100000 	3.00	3.00	3.00	
2R:17100000..17200000 	3.00	3.00	3.00	
2R:17200000..17300000 	3.00	3.00	3.00	
2R:17300000..17400000 	3.00	3.00	3.00	
2R:17400000..17500000 	3.00	3.00	3.00	
2R:17500000..17600000 	3.00	3.00	3.00	
2R:17600000..17700000 	3.00	3.00	3.00	
2R:17700000..17800000 	3.00	3.00	3.00	
2R:17800000..17900000 	3.00	3.00	3.00	
2R:17900000..18000000 	3.00	3.00	3.00	
2R:18000000..18100000 	3.00	3.00	3.00	
2R:18100000..18200000 	3.00	3.00	3.00	
2R:18200000..18300000 	3.00	3.00	3.00	
2R:18300000..18400000 	3.00	3.00	3.00	
2R:18400000..18500000 	3.00	3.00	3.00	
2R:18500000..18600000 	3.00	3.00	3.00	
2R:18600000..18700000 	3.00	3.00	3.00	
2R:18700000..18800000 	3.00	3.00	3.00	
2R:18800000..18900000 	3.00	3.00	3.00	
2R:18900000..19000000 	3.00	3.00	3.00	
2R:19000000..19100000 	3.00	3.00	3.00	
2R:19100000..19200000 	3.00	3.00	3.00	
2R:19200000..19300000 	3.00	3.00	3.00	
2R:19300000..19400000 	3.00	3.00	3.00	
2R:19400000..19500000 	3.00	3.00	3.00	
2R:19500000..19600000 	3.00	3.00	3.00	
2R:19600000..19700000 	3.00	3.00	3.00	
2R:19700000..19800000 	3.00	3.00	3.00	
2R:19800000..19900000 	3.00	3.00	3.00	
2R:19900000..20000000 	3.00	3.00	3.00	
2R:20000000..20100000 	3.00	3.00	3.00	
2R:20100000..20200000 	3.00	3.00	3.00	
2R:20200000..20300000 	3.00	3.00	3.00	
2R:20300000..20400000 	3.00	3.00	3.00	
2R:20400000..20500000 	3.00	3.00	3.00	
2R:20500000..20600000 	3.00	3.00	3.00	
2R:20600000..20700000 	3.00	3.00	3.00	
2R:20700000..20800000 	3.00	3.00	3.00	
2R:20800000..20900000 	3.00	3.00	3.00	
2R:20900000..21000000 	3.00	3.00	3.00	
2R:21000000..21100000 	3.00	3.00	3.00	
3L:0..100000 	3.00	3.00	3.00	
3L:100000..200000 	3.00	3.00	3.00	
3L:200000..300000 	3.00	3.00	3.00	
3L:300000..400000 	3.00	3.00	3.00	
3L:400000..500000 	3.00	3.00	3.00	
3L:500000..600000 	3.00	3.00	3.00	
3L:600000..700000 	3.00	3.00	3.00	
3L:700000..800000 	3.00	3.00	3.00	
3L:800000..900000 	3.00	3.00	3.00	
3L:900000..1000000 	3.00	3.00	3.00	
3L:1000000..1100000 	3.00	3.00	3.00	
3L:1100000..1200000 	3.00	3.00	3.00	
3L:1200000..1300000 	3.00	3.00	3.00	
3L:1300000..1400000 	3.00	3.00	3.00	
3L:1400000..1500000 	3.00	3.00	3.00	
3L:1500000..1600000 	3.00	3.00	3.00	
3L:1600000..1700000 	3.00	3.00	3.00	
3L:1700000..1800000 	3.00	3.00	3.00	
3L:1800000..1900000 	3.00	3.00	3.00	
3L:1900000..2000000 	3.00	3.00	3.00	
3L:2000000..2100000 	3.00	3.00	3.00	
3L:2100000..2200000 	3.00	3.00	3.00	
3L:2200000..2300000 	3.00	3.00	3.00	
3L:2300000..2400000 	3.00	3.00	3.00	
3L:2400000..2500000 	3.00	3.00	3.00	
3L:2500000..2600000 	3.00	3.00	3.00	
3L:2600000..2700000 	3.00	3.00	3.00	
3L:2700000..2800000 	3.00	3.00	3.00	
3L:2800000..2900000 	3.00	3.00	3.00	
3L:2900000..3000000 	3.00	3.00	3.00	
3L:3000000..3100000 	3.00	3.00	3.00	
3L:3100000..3200000 	3.00	3.00	3.00	
3L:3200000..3300000 	3.00	3.00	3.00	
3L:3300000..3400000 	3.00	3.00	3.00	
3L:3400000..3500000 	3.00	3.00	3.00	
3L:3500000..3600000 	3.00	3.00	3.00	
3L:3600000..3700000 	3.00	3.00	3.00	
3L:3700000..3800000 	3.00	3.00	3.00	
3L:3800000..3900000 	3.00	3.00	3.00	
3L:3900000..4000000 	3.00	3.00	3.00	
3L:4000000..4100000 	3.00	3.00	3.00	
3L:4100000..4200000 	3.00	3.00	3.00	
3L:4200000..4300000 	3.00	3.00	3.00	
3L:4300000..4400000 	3.00	3.00	3.00	
3L:4400000..4500000 	3.00	3.00	3.00	
3L:4500000..4600000 	3.00	3.00	3.00	
3L:4600000..4700000 	3.00	3.00	3.00	
3L:4700000..4800000 	3.00	3.00	3.00	
3L:4800000..4900000 	3.00	3.00	3.00	
3L:4900000..5000000 	3.00	3.00	3.00	
3L:5000000..5100000 	3.00	3.00	3.00	
3L:5100000..5200000 	3.00	3.00	3.00	
3L:5200000..5300000 	3.00	3.00	3.00	
3L:5300000..5400000 	3.00	3.00	3.00	
3L:5400000..5500000 	3.00	3.00	3.00	
3L:5500000..5600000 	3.00	3.00	3.00	
3L:5600000..5700000 	3.00	3.00	3.00	
3L:5700000..5800000 	3.00	3.00	3.00	
3L:5800000..5900000 	3.00	3.00	3.00	
3L:5900000..6000000 	3.00	3.00	3.00	
3L:6000000..6100000 	3.00	3.00	3.00	
3L:6100000..6200000 	3.00	3.00	3.00	
3L:6200000..6300000 	3.00	3.00	3.00	
3L:6300000..6400000 	3.00	3.00	3.00	
3L:6400000..6500000 	3.00	3.00	3.00	
3L:6500000..6600000 	3.00	3.00	3.00	
3L:6600000..6700000 	3.00	3.00	3.00	
3L:6700000..6800000 	3.00	3.00	3.00	
3L:6800000..6900000 	3.00	3.00	3.00	
3L:6900000..7000000 	3.00	3.00	3.00	
3L:7000000..7100000 	3.00	3.00	3.00	
3L:7100000..7200000 	3.00	3.00	3.00	
3L:7200000..7300000 	3.00	3.00	3.00	
3L:7300000..7400000 	3.00	3.00	3.00	
3L:7400000..7500000 	3.00	3.00	3.00	
3L:7500000..7600000 	3.00	3.00	3.00	
3L:7600000..7700000 	3.00	3.00	3.00	
3L:7700000..7800000 	3.00	3.00	3.00	
3L:7800000..7900000 	3.00	3.00	3.00	
3L:7900000..8000000 	3.00	3.00	3.00	
3L:8000000..8100000 	3.00	3.00	3.00	
3L:8100000..8200000 	3.00	3.00	3.00	
3L:8200000..8300000 	3.00	3.00	3.00	
3L:8300000..8400000 	3.00	3.00	3.00	
3L:8400000..8500000 	3.00	3.00	3.00	
3L:8500000..8600000 	3.00	3.00	3.00	
3L:8600000..8700000 	3.00	3.00	3.00	
3L:8700000..8800000 	3.00	3.00	3.00	
3L:8800000..8900000 	3.00	3.00	3.00	
3L:8900000..9000000 	3.00	3.00	3.00	
3L:9000000..9100000 	3.00	3.00	3.00	
3L:9100000..9200000 	3.00	3.00	3.00	
3L:9200000..9300000 	3.00	3.00	3.00	
3L:9300000..9400000 	3.00	3.00	3.00	
3L:9400000..9500000 	3.00	3.00	3.00	
3L:9500000..9600000 	3.00	3.00	3.00	
3L:9600000..9700000 	3.00	3.00	3.00	
3L:9700000..9800000 	3.00	3.00	3.00	
3L:9800000..9900000 	3.00	3.00	3.00	
3L:9900000..10000000 	3.00	3.00	3.00	
3L:10000000..10100000 	3.00	3.00	3.00	
3L:10100000..10200000 	3.00	3.00	3.00	
3L:10200000..10300000 	3.00	3.00	3.00	
3L:10300000..10400000 	3.00	3.00	3.00	
3L:10400000..10500000 	3.00	3.00	3.00	
3L:10500000..10600000 	3.00	3.00	3.00	
3L:10600000..10700000 	3.00	3.00	3.00	
3L:10700000..10800000 	3.00	3.00	3.00	
3L:10800000..10900000 	3.00	3.00	3.00	
3L:10900000..11000000 	3.00	3.00	3.00	
3L:11000000..11100000 	3.00	3.00	3.00	
3L:11100000..11200000 	3.00	3.00	3.00	
3L:11200000..11300000 	3.00	3.00	3.00	
3L:11300000..11400000 	3.00	3.00	3.00	
3L:11400000..11500000 	3.00	3.00	3.00	
3L:11500000..11600000 	3.00	3.00	3.00	
3L:11600000..11700000 	3.00	3.00	3.00	
3L:11700000..11800000 	3.00	3.00	3.00	
3L:11800000..11900000 	3.00	3.00	3.00	
3L:11900000..12000000 	3.00	3.00	3.00	
3L:12000000..12100000 	3.00	3.00	3.00	
3L:12100000..12200000 	3.00	3.00	3.00	
3L:12200000..12300000 	3.00	3.00	3.00	
3L:12300000..12400000 	3.00	3.00	3.00	
3L:12400000..12500000 	3.00	3.00	3.00	
3L:12500000..12600000 	3.00	3.00	3.00	
3L:12600000..12700000 	3.00	3.00	3.00	
3L:12700000..12800000 	3.00	3.00	3.00	
3L:12800000..12900000 	3.00	3.00	3.00	
3L:12900000..13000000 	3.00	3.00	3.00	
3L:13000000..13100000 	3.00	3.00	3.00	
3L:13100000..13200000 	3.00	3.00	3.00	
3L:13200000..13300000 	3.00	3.00	3.00	
3L:13300000..13400000 	3.00	3.00	3.00	
3L:13400000..13500000 	3.00	3.00	3.00	
3L:13500000..13600000 	3.00	3.00	3.00	
3L:13600000..13700000 	3.00	3.00	3.00	
3L:13700000..13800000 	3.00	3.00	3.00	
3L:13800000..13900000 	3.00	3.00	3.00	
3L:13900000..14000000 	3.00	3.00	3.00	
3L:14000000..14100000 	3.00	3.00	3.00	
3L:14100000..14200000 	3.00	3.00	3.00	
3L:14200000..14300000 	3.00	3.00	3.00	
3L:14300000..14400000 	3.00	3.00	3.00	
3L:14400000..14500000 	3.00	3.00	3.00	
3L:14500000..14600000 	3.00	3.00	3.00	
3L:14600000..14700000 	3.00	3.00	3.00	
3L:14700000..14800000 	3.00	3.00	3.00	
3L:14800000..14900000 	3.00	3.00	3.00	
3L:14900000..15000000 	3.00	3.00	3.00	
3L:15000000..15100000 	3.00	3.00	3.00	
3L:15100000..15200000 	3.00	3.00	3.00	
3L:15200000..15300000 	3.00	3.00	3.00	
3L:15300000..15400000 	3.00	3.00	3.00	
3L:15400000..15500000 	3.00	3.00	3.00	
3L:15500000..15600000 	3.00	3.00	3.00	
3L:15600000..15700000 	3.00	3.00	3.00	
3L:15700000..15800000 	3.00	3.00	3.00	
3L:15800000..15900000 	3.00	3.00	3.00	
3L:15900000..16000000 	3.00	3.00	3.00	
3L:16000000..16100000 	3.00	3.00	3.00	
3L:16100000..16200000 	3.00	3.00	3.00	
3L:16200000..16300000 	3.00	3.00	3.00	
3L:16300000..16400000 	3.00	3.00	3.00	
3L:16400000..16500000 	3.00	3.00	3.00	
3L:16500000..16600000 	3.00	3.00	3.00	
3L:16600000..16700000 	3.00	3.00	3.00	
3L:16700000..16800000 	3.00	3.00	3.00	
3L:16800000..16900000 	3.00	3.00	3.00	
3L:16900000..17000000 	3.00	3.00	3.00	
3L:17000000..17100000 	3.00	3.00	3.00	
3L:17100000..17200000 	3.00	3.00	3.00	
3L:17200000..17300000 	3.00	3.00	3.00	
3L:17300000..17400000 	3.00	3.00	3.00	
3L:17400000..17500000 	3.00	3.00	3.00	
3L:17500000..17600000 	3.00	3.00	3.00	
3L:17600000..17700000 	3.00	3.00	3.00	
3L:17700000..17800000 	3.00	3.00	3.00	
3L:17800000..17900000 	3.00	3.00	3.00	
3L:17900000..18000000 	3.00	3.00	3.00	
3L:18000000..18100000 	3.00	3.00	3.00	
3L:18100000..18200000 	3.00	3.00	3.00	
3L:18200000..18300000 	3.00	3.00	3.00	
3L:18300000..18400000 	3.00	3.00	3.00	
3L:18400000..18500000 	3.00	3.00	3.00	
3L:18500000..18600000 	3.00	3.00	3.00	
3L:18600000..18700000 	3.00	3.00	3.00	
3L:18700000..18800000 	3.00	3.00	3.00	
3L:18800000..18900000 	3.00	3.00	3.00	
3L:18900000..19000000 	3.00	3.00	3.00	
3L:19000000..19100000 	3.00	3.00	3.00	
3L:19100000..19200000 	3.00	3.00	3.00	
3L:19200000..19300000 	3.00	3.00	3.00	
3L:19300000..19400000 	3.00	3.00	3.00	
3L:19400000..19500000 	3.00	3.00	3.00	
3L:19500000..19600000 	3.00	3.00	3.00	
3L:19600000..19700000 	3.00	3.00	3.00	
3L:19700000..19800000 	3.00	3.00	3.00	
3L:19800000..19900000 	3.00	3.00	3.00	
3L:19900000..20000000 	3.00	3.00	3.00	
3L:20000000..20100000 	3.00	3.00	3.00	
3L:20100000..20200000 	3.00	3.00	3.00	
3L:20200000..20300000 	3.00	3.00	3.00	
3L:20300000..20400000 	3.00	3.00	3.00	
3L:20400000..20500000 	3.00	3.00	3.00	
3L:20500000..20600000 	3.00	3.00	3.00	
3L:20600000..20700000 	3.00	3.00	3.00	
3L:20700000..20800000 	3.00	3.00	3.00	
3L:20800000..20900000 	3.00	3.00	3.00	
3L:20900000..21000000 	3.00	3.00	3.00	
3L:21000000..21100000 	3.00	3.00	3.00	
3L:21100000..21200000 	3.00	3.00	3.00	
3L:21200000..21300000 	3.00	3.00	3.00	
3L:21300000..21400000 	3.00	3.00	3.00	
3L:21400000..21500000 	3.00	3.00	3.00	
3L:21500000..21600000 	3.00	3.00	3.00	
3L:21600000..21700000 	3.00	3.00	3.00	
3L:21700000..21800000 	3.00	3.00	3.00	
3L:21800000..21900000 	3.00	3.00	3.00	
3L:21900000..22000000 	3.00	3.00	3.00	
3L:22000000..22100000 	3.00	3.00	3.00	
3L:22100000..22200000 	3.00	3.00	3.00	
3L:22200000..22300000 	3.00	3.00	3.00	
3L:22300000..22400000 	3.00	3.00	3.00	
3L:22400000..22500000 	3.00	3.00	3.00	
3L:22500000..22600000 	3.00	3.00	3.00	
3L:22600000..22700000 	3.00	3.00	3.00	
3L:22700000..22800000 	3.00	3.00	3.00	
3L:22800000..22900000 	3.00	3.00	3.00	
3L:22900000..23000000 	3.00	3.00	3.00	
3L:23000000..23100000 	3.00	3.00	3.00	
3L:23100000..23200000 	3.00	3.00	3.00	
3L:23200000..23300000 	3.00	3.00	3.00	
3L:23300000..23400000 	3.00	3.00	3.00	
3L:23400000..23500000 	3.00	3.00	3.00	
3L:23500000..23600000 	3.00	3.00	3.00	
3L:23600000..23700000 	3.00	3.00	3.00	
3L:23700000..23800000 	3.00	3.00	3.00	
3L:23800000..23900000 	3.00	3.00	3.00	
3L:23900000..24000000 	3.00	3.00	3.00	
3L:24000000..24100000 	3.00	3.00	3.00	
3L:24100000..24200000 	3.00	3.00	3.00	
3L:24200000..24300000 	3.00	3.00	3.00	
3L:24300000..24400000 	3.00	3.00	3.00	
3L:24400000..24500000 	3.00	3.00	3.00	
3R:0..100000 	3.00	3.00	3.00	
3R:100000..200000 	3.00	3.00	3.00	
3R:200000..300000 	3.00	3.00	3.00	
3R:300000..400000 	3.00	3.00	3.00	
3R:400000..500000 	3.00	3.00	3.00	
3R:500000..600000 	3.00	3.00	3.00	
3R:600000..700000 	3.00	3.00	3.00	
3R:700000..800000 	3.00	3.00	3.00	
3R:800000..900000 	3.00	3.00	3.00	
3R:900000..1000000 	3.00	3.00	3.00	
3R:1000000..1100000 	3.00	3.00	3.00	
3R:1100000..1200000 	3.00	3.00	3.00	
3R:1200000..1300000 	3.00	3.00	3.00	
3R:1300000..1400000 	3.00	3.00	3.00	
3R:1400000..1500000 	3.00	3.00	3.00	
3R:1500000..1600000 	3.00	3.00	3.00	
3R:1600000..1700000 	3.00	3.00	3.00	
3R:1700000..1800000 	3.00	3.00	3.00	
3R:1800000..1900000 	3.00	3.00	3.00	
3R:1900000..2000000 	3.00	3.00	3.00	
3R:2000000..2100000 	3.00	3.00	3.00	
3R:2100000..2200000 	3.00	3.00	3.00	
3R:2200000..2300000 	3.00	3.00	3.00	
3R:2300000..2400000 	3.00	3.00	3.00	
3R:2400000..2500000 	3.00	3.00	3.00	
3R:2500000..2600000 	3.00	3.00	3.00	
3R:2600000..2700000 	3.00	3.00	3.00	
3R:2700000..2800000 	3.00	3.00	3.00	
3R:2800000..2900000 	3.00	3.00	3.00	
3R:2900000..3000000 	3.00	3.00	3.00	
3R:3000000..3100000 	3.00	3.00	3.00	
3R:3100000..3200000 	3.00	3.00	3.00	
3R:3200000..3300000 	3.00	3.00	3.00	
3R:3300000..3400000 	3.00	3.00	3.00	
3R:3400000..3500000 	3.00	3.00	3.00	
3R:3500000..3600000 	3.00	3.00	3.00	
3R:3600000..3700000 	3.00	3.00	3.00	
3R:3700000..3800000 	3.00	3.00	3.00	
3R:3800000..3900000 	3.00	3.00	3.00	
3R:3900000..4000000 	3.00	3.00	3.00	
3R:4000000..4100000 	3.00	3.00	3.00	
3R:4100000..4200000 	3.00	3.00	3.00	
3R:4200000..4300000 	3.00	3.00	3.00	
3R:4300000..4400000 	3.00	3.00	3.00	
3R:4400000..4500000 	3.00	3.00	3.00	
3R:4500000..4600000 	3.00	3.00	3.00	
3R:4600000..4700000 	3.00	3.00	3.00	
3R:4700000..4800000 	3.00	3.00	3.00	
3R:4800000..4900000 	3.00	3.00	3.00	
3R:4900000..5000000 	3.00	3.00	3.00	
3R:5000000..5100000 	3.00	3.00	3.00	
3R:5100000..5200000 	3.00	3.00	3.00	
3R:5200000..5300000 	3.00	3.00	3.00	
3R:5300000..5400000 	3.00	3.00	3.00	
3R:5400000..5500000 	3.00	3.00	3.00	
3R:5500000..5600000 	3.00	3.00	3.00	
3R:5600000..5700000 	3.00	3.00	3.00	
3R:5700000..5800000 	3.00	3.00	3.00	
3R:5800000..5900000 	3.00	3.00	3.00	
3R:5900000..6000000 	3.00	3.00	3.00	
3R:6000000..6100000 	3.00	3.00	3.00	
3R:6100000..6200000 	3.00	3.00	3.00	
3R:6200000..6300000 	3.00	3.00	3.00	
3R:6300000..6400000 	3.00	3.00	3.00	
3R:6400000..6500000 	3.00	3.00	3.00	
3R:6500000..6600000 	3.00	3.00	3.00	
3R:6600000..6700000 	3.00	3.00	3.00	
3R:6700000..6800000 	3.00	3.00	3.00	
3R:6800000..6900000 	3.00	3.00	3.00	
3R:6900000..7000000 	3.00	3.00	3.00	
3R:7000000..7100000 	3.00	3.00	3.00	
3R:7100000..7200000 	3.00	3.00	3.00	
3R:7200000..7300000 	3.00	3.00	3.00	
3R:7300000..7400000 	3.00	3.00	3.00	
3R:7400000..7500000 	3.00	3.00	3.00	
3R:7500000..7600000 	3.00	3.00	3.00	
3R:7600000..7700000 	3.00	3.00	3.00	
3R:7700000..7800000 	3.00	3.00	3.00	
3R:7800000..7900000 	3.00	3.00	3.00	
3R:7900000..8000000 	3.00	3.00	3.00	
3R:8000000..8100000 	3.00	3.00	3.00	
3R:8100000..8200000 	3.00	3.00	3.00	
3R:8200000..8300000 	3.00	3.00	3.00	
3R:8300000..8400000 	3.00	3.00	3.00	
3R:8400000..8500000 	3.00	3.00	3.00	
3R:8500000..8600000 	3.00	3.00	3.00	
3R:8600000..8700000 	3.00	3.00	3.00	
3R:8700000..8800000 	3.00	3.00	3.00	
3R:8800000..8900000 	3.00	3.00	3.00	
3R:8900000..9000000 	3.00	3.00	3.00	
3R:9000000..9100000 	3.00	3.00	3.00	
3R:9100000..9200000 	3.00	3.00	3.00	
3R:9200000..9300000 	3.00	3.00	3.00	
3R:9300000..9400000 	3.00	3.00	3.00	
3R:9400000..9500000 	3.00	3.00	3.00	
3R:9500000..9600000 	3.00	3.00	3.00	
3R:9600000..9700000 	3.00	3.00	3.00	
3R:9700000..9800000 	3.00	3.00	3.00	
3R:9800000..9900000 	3.00	3.00	3.00	
3R:9900000..10000000 	3.00	3.00	3.00	
3R:10000000..10100000 	3.00	3.00	3.00	
3R:10100000..10200000 	3.00	3.00	3.00	
3R:10200000..10300000 	3.00	3.00	3.00	
3R:10300000..10400000 	3.00	3.00	3.00	
3R:10400000..10500000 	3.00	3.00	3.00	
3R:10500000..10600000 	3.00	3.00	3.00	
3R:10600000..10700000 	3.00	3.00	3.00	
3R:10700000..10800000 	3.00	3.00	3.00	
3R:10800000..10900000 	3.00	3.00	3.00	
3R:10900000..11000000 	3.00	3.00	3.00	
3R:11000000..11100000 	3.00	3.00	3.00	
3R:11100000..11200000 	3.00	3.00	3.00	
3R:11200000..11300000 	3.00	3.00	3.00	
3R:11300000..11400000 	3.00	3.00	3.00	
3R:11400000..11500000 	3.00	3.00	3.00	
3R:11500000..11600000 	3.00	3.00	3.00	
3R:11600000..11700000 	3.00	3.00	3.00	
3R:11700000..11800000 	3.00	3.00	3.00	
3R:11800000..11900000 	3.00	3.00	3.00	
3R:11900000..12000000 	3.00	3.00	3.00	
3R:12000000..12100000 	3.00	3.00	3.00	
3R:12100000..12200000 	3.00	3.00	3.00	
3R:12200000..12300000 	3.00	3.00	3.00	
3R:12300000..12400000 	3.00	3.00	3.00	
3R:12400000..12500000 	3.00	3.00	3.00	
3R:12500000..12600000 	3.00	3.00	3.00	
3R:12600000..12700000 	3.00	3.00	3.00	
3R:12700000..12800000 	3.00	3.00	3.00	
3R:12800000..12900000 	3.00	3.00	3.00	
3R:12900000..13000000 	3.00	3.00	3.00	
3R:13000000..13100000 	3.00	3.00	3.00	
3R:13100000..13200000 	3.00	3.00	3.00	
3R:13200000..13300000 	3.00	3.00	3.00	
3R:13300000..13400000 	3.00	3.00	3.00	
3R:13400000..13500000 	3.00	3.00	3.00	
3R:13500000..13600000 	3.00	3.00	3.00	
3R:13600000..13700000 	3.00	3.00	3.00	
3R:13700000..13800000 	3.00	3.00	3.00	
3R:13800000..13900000 	3.00	3.00	3.00	
3R:13900000..14000000 	3.00	3.00	3.00	
3R:14000000..14100000 	3.00	3.00	3.00	
3R:14100000..14200000 	3.00	3.00	3.00	
3R:14200000..14300000 	3.00	3.00	3.00	
3R:14300000..14400000 	3.00	3.00	3.00	
3R:14400000..14500000 	3.00	3.00	3.00	
3R:14500000..14600000 	3.00	3.00	3.00	
3R:14600000..14700000 	3.00	3.00	3.00	
3R:14700000..14800000 	3.00	3.00	3.00	
3R:14800000..14900000 	3.00	3.00	3.00	
3R:14900000..15000000 	3.00	3.00	3.00	
3R:15000000..15100000 	3.00	3.00	3.00	
3R:15100000..15200000 	3.00	3.00	3.00	
3R:15200000..15300000 	3.00	3.00	3.00	
3R:15300000..15400000 	3.00	3.00	3.00	
3R:15400000..15500000 	3.00	3.00	3.00	
3R:15500000..15600000 	3.00	3.00	3.00	
3R:15600000..15700000 	3.00	3.00	3.00	
3R:15700000..15800000 	3.00	3.00	3.00	
3R:15800000..15900000 	3.00	3.00	3.00	
3R:15900000..16000000 	3.00	3.00	3.00	
3R:16000000..16100000 	3.00	3.00	3.00	
3R:16100000..16200000 	3.00	3.00	3.00	
3R:16200000..16300000 	3.00	3.00	3.00	
3R:16300000..16400000 	3.00	3.00	3.00	
3R:16400000..16500000 	3.00	3.00	3.00	
3R:16500000..16600000 	3.00	3.00	3.00	
3R:16600000..16700000 	3.00	3.00	3.00	
3R:16700000..16800000 	3.00	3.00	3.00	
3R:16800000..16900000 	3.00	3.00	3.00	
3R:16900000..17000000 	3.00	3.00	3.00	
3R:17000000..17100000 	3.00	3.00	3.00	
3R:17100000..17200000 	3.00	3.00	3.00	
3R:17200000..17300000 	3.00	3.00	3.00	
3R:17300000..17400000 	3.00	3.00	3.00	
3R:17400000..17500000 	3.00	3.00	3.00	
3R:17500000..17600000 	3.00	3.00	3.00	
3R:17600000..17700000 	3.00	3.00	3.00	
3R:17700000..17800000 	3.00	3.00	3.00	
3R:17800000..17900000 	3.00	3.00	3.00	
3R:17900000..18000000 	3.00	3.00	3.00	
3R:18000000..18100000 	3.00	3.00	3.00	
3R:18100000..18200000 	3.00	3.00	3.00	
3R:18200000..18300000 	3.00	3.00	3.00	
3R:18300000..18400000 	3.00	3.00	3.00	
3R:18400000..18500000 	3.00	3.00	3.00	
3R:18500000..18600000 	3.00	3.00	3.00	
3R:18600000..18700000 	3.00	3.00	3.00	
3R:18700000..18800000 	3.00	3.00	3.00	
3R:18800000..18900000 	3.00	3.00	3.00	
3R:18900000..19000000 	3.00	3.00	3.00	
3R:19000000..19100000 	3.00	3.00	3.00	
3R:19100000..19200000 	3.00	3.00	3.00	
3R:19200000..19300000 	3.00	3.00	3.00	
3R:19300000..19400000 	3.00	3.00	3.00	
3R:19400000..19500000 	3.00	3.00	3.00	
3R:19500000..19600000 	3.00	3.00	3.00	
3R:19600000..19700000 	3.00	3.00	3.00	
3R:19700000..19800000 	3.00	3.00	3.00	
3R:19800000..19900000 	3.00	3.00	3.00	
3R:19900000..20000000 	3.00	3.00	3.00	
3R:20000000..20100000 	3.00	3.00	3.00	
3R:20100000..20200000 	3.00	3.00	3.00	
3R:20200000..20300000 	3.00	3.00	3.00	
3R:20300000..20400000 	3.00	3.00	3.00	
3R:20400000..20500000 	3.00	3.00	3.00	
3R:20500000..20600000 	3.00	3.00	3.00	
3R:20600000..20700000 	3.00	3.00	3.00	
3R:20700000..20800000 	3.00	3.00	3.00	
3R:20800000..20900000 	3.00	3.00	3.00	
3R:20900000..21000000 	3.00	3.00	3.00	
3R:21000000..21100000 	3.00	3.00	3.00	
3R:21100000..21200000 	3.00	3.00	3.00	
3R:21200000..21300000 	3.00	3.00	3.00	
3R:21300000..21400000 	3.00	3.00	3.00	
3R:21400000..21500000 	3.00	3.00	3.00	
3R:21500000..21600000 	3.00	3.00	3.00	
3R:21600000..21700000 	3.00	3.00	3.00	
3R:21700000..21800000 	3.00	3.00	3.00	
3R:21800000..21900000 	3.00	3.00	3.00	
3R:21900000..22000000 	3.00	3.00	3.00	
3R:22000000..22100000 	3.00	3.00	3.00	
3R:22100000..22200000 	3.00	3.00	3.00	
3R:22200000..22300000 	3.00	3.00	3.00	
3R:22300000..22400000 	3.00	3.00	3.00	
3R:22400000..22500000 	3.00	3.00	3.00	
3R:22500000..22600000 	3.00	3.00	3.00	
3R:22600000..22700000 	3.00	3.00	3.00	
3R:22700000..22800000 	3.00	3.00	3.00	
3R:22800000..22900000 	3.00	3.00	3.00	
3R:22900000..23000000 	3.00	3.00	3.00	
3R:23000000..23100000 	3.00	3.00	3.00	
3R:23100000..23200000 	3.00	3.00	3.00	
3R:23200000..23300000 	3.00	3.00	3.00	
3R:23300000..23400000 	3.00	3.00	3.00	
3R:23400000..23500000 	3.00	3.00	3.00	
3R:23500000..23600000 	3.00	3.00	3.00	
3R:23600000..23700000 	3.00	3.00	3.00	
3R:23700000..23800000 	3.00	3.00	3.00	
3R:23800000..23900000 	3.00	3.00	3.00	
3R:23900000..24000000 	3.00	3.00	3.00	
3R:24000000..24100000 	3.00	3.00	3.00	
3R:24100000..24200000 	3.00	3.00	3.00	
3R:24200000..24300000 	3.00	3.00	3.00	
3R:24300000..24400000 	3.00	3.00	3.00	
3R:24400000..24500000 	3.00	3.00	3.00	
3R:24500000..24600000 	3.00	3.00	3.00	
3R:24600000..24700000 	3.00	3.00	3.00	
3R:24700000..24800000 	3.00	3.00	3.00	
3R:24800000..24900000 	3.00	3.00	3.00	
3R:24900000..25000000 	3.00	3.00	3.00	
3R:25000000..25100000 	3.00	3.00	3.00	
3R:25100000..25200000 	3.00	3.00	3.00	
3R:25200000..25300000 	3.00	3.00	3.00	
3R:25300000..25400000 	3.00	3.00	3.00	
3R:25400000..25500000 	3.00	3.00	3.00	
3R:25500000..25600000 	3.00	3.00	3.00	
3R:25600000..25700000 	3.00	3.00	3.00	
3R:25700000..25800000 	3.00	3.00	3.00	
3R:25800000..25900000 	3.00	3.00	3.00	
3R:25900000..26000000 	3.00	3.00	3.00	
3R:26000000..26100000 	3.00	3.00	3.00	
3R:26100000..26200000 	3.00	3.00	3.00	
3R:26200000..26300000 	3.00	3.00	3.00	
3R:26300000..26400000 	3.00	3.00	3.00	
3R:26400000..26500000 	3.00	3.00	3.00	
3R:26500000..26600000 	3.00	3.00	3.00	
3R:26600000..26700000 	3.00	3.00	3.00	
3R:26700000..26800000 	3.00	3.00	3.00	
3R:26800000..26900000 	3.00	3.00	3.00	
3R:26900000..27000000 	3.00	3.00	3.00	
3R:27000000..27100000 	3.00	3.00	3.00	
3R:27100000..27200000 	3.00	3.00	3.00	
3R:27200000..27300000 	3.00	3.00	3.00	
3R:27300000..27400000 	3.00	3.00	3.00	
3R:27400000..27500000 	3.00	3.00	3.00	
3R:27500000..27600000 	3.00	3.00	3.00	
3R:27600000..27700000 	3.00	3.00	3.00	
3R:27700000..27800000 	3.00	3.00	3.00	
3R:27800000..27900000 	3.00	3.00	3.00	
4:0..100000 	3.00	3.00	3.00	
4:100000..200000 	3.00	3.00	3.00	
4:200000..300000 	3.00	3.00	3.00	
4:300000..400000 	3.00	3.00	3.00	
4:400000..500000 	3.00	3.00	3.00	
4:500000..600000 	3.00	3.00	3.00	
4:600000..700000 	3.00	3.00	3.00	
4:700000..800000 	3.00	3.00	3.00	
4:800000..900000 	3.00	3.00	3.00	
4:900000..1000000 	3.00	3.00	3.00	
4:1000000..1100000 	3.00	3.00	3.00	
4:1100000..1200000 	3.00	3.00	3.00	
4:1200000..1300000 	3.00	3.00	3.00	
X:0..100000 	3.00	3.00	3.00	
X:100000..200000 	3.00	3.00	3.00	
X:200000..300000 	3.00	3.00	3.00	
X:300000..400000 	3.00	3.00	3.00	
X:400000..500000 	3.00	3.00	3.00	
X:500000..600000 	3.00	3.00	3.00	
X:600000..700000 	3.00	3.00	3.00	
X:700000..800000 	3.00	3.00	3.00	
X:800000..900000 	3.00	3.00	3.00	
X:900000..1000000 	3.00	3.00	3.00	
X:1000000..1100000 	3.00	3.00	3.00	
X:1100000..1200000 	3.00	3.00	3.00	
X:1200000..1300000 	3.00	3.00	3.00	
X:1300000..1400000 	3.00	3.00	3.00	
X:1400000..1500000 	3.00	3.00	3.00	
X:1500000..1600000 	3.00	3.00	3.00	
X:1600000..1700000 	3.00	3.00	3.00	
X:1700000..1800000 	3.00	3.00	3.00	
X:1800000..1900000 	3.00	3.00	3.00	
X:1900000..2000000 	3.00	3.00	3.00	
X:2000000..2100000 	3.00	3.00	3.00	
X:2100000..2200000 	3.00	3.00	3.00	
X:2200000..2300000 	3.00	3.00	3.00	
X:2300000..2400000 	3.00	3.00	3.00	
X:2400000..2500000 	3.00	3.00	3.00	
X:2500000..2600000 	3.00	3.00	3.00	
X:2600000..2700000 	3.00	3.00	3.00	
X:2700000..2800000 	3.00	3.00	3.00	
X:2800000..2900000 	3.00	3.00	3.00	
X:2900000..3000000 	3.00	3.00	3.00	
X:3000000..3100000 	3.00	3.00	3.00	
X:3100000..3200000 	3.00	3.00	3.00	
X:3200000..3300000 	3.00	3.00	3.00	
X:3300000..3400000 	3.00	3.00	3.00	
X:3400000..3500000 	3.00	3.00	3.00	
X:3500000..3600000 	3.00	3.00	3.00	
X:3600000..3700000 	3.00	3.00	3.00	
X:3700000..3800000 	3.00	3.00	3.00	
X:3800000..3900000 	3.00	3.00	3.00	
X:3900000..4000000 	3.00	3.00	3.00	
X:4000000..4100000 	3.00	3.00	3.00	
X:4100000..4200000 	3.00	3.00	3.00	
X:4200000..4300000 	3.00	3.00	3.00	
X:4300000..4400000 	3.00	3.00	3.00	
X:4400000..4500000 	3.00	3.00	3.00	
X:4500000..4600000 	3.00	3.00	3.00	
X:4600000..4700000 	3.00	3.00	3.00	
X:4700000..4800000 	3.00	3.00	3.00	
X:4800000..4900000 	3.00	3.00	3.00	
X:4900000..5000000 	3.00	3.00	3.00	
X:5000000..5100000 	3.00	3.00	3.00	
X:5100000..5200000 	3.00	3.00	3.00	
X:5200000..5300000 	3.00	3.00	3.00	
X:5300000..5400000 	3.00	3.00	3.00	
X:5400000..5500000 	3.00	3.00	3.00	
X:5500000..5600000 	3.00	3.00	3.00	
X:5600000..5700000 	3.00	3.00	3.00	
X:5700000..5800000 	3.00	3.00	3.00	
X:5800000..5900000 	3.00	3.00	3.00	
X:5900000..6000000 	3.00	3.00	3.00	
X:6000000..6100000 	3.00	3.00	3.00	
X:6100000..6200000 	3.00	3.00	3.00	
X:6200000..6300000 	3.00	3.00	3.00	
X:6300000..6400000 	3.00	3.00	3.00	
X:6400000..6500000 	3.00	3.00	3.00	
X:6500000..6600000 	3.00	3.00	3.00	
X:6600000..6700000 	3.00	3.00	3.00	
X:6700000..6800000 	3.00	3.00	3.00	
X:6800000..6900000 	3.00	3.00	3.00	
X:6900000..7000000 	3.00	3.00	3.00	
X:7000000..7100000 	3.00	3.00	3.00	
X:7100000..7200000 	3.00	3.00	3.00	
X:7200000..7300000 	3.00	3.00	3.00	
X:7300000..7400000 	3.00	3.00	3.00	
X:7400000..7500000 	3.00	3.00	3.00	
X:7500000..7600000 	3.00	3.00	3.00	
X:7600000..7700000 	3.00	3.00	3.00	
X:7700000..7800000 	3.00	3.00	3.00	
X:7800000..7900000 	3.00	3.00	3.00	
X:7900000..8000000 	3.00	3.00	3.00	
X:8000000..8100000 	3.00	3.00	3.00	
X:8100000..8200000 	3.00	3.00	3.00	
X:8200000..8300000 	3.00	3.00	3.00	
X:8300000..8400000 	3.00	3.00	3.00	
X:8400000..8500000 	3.00	3.00	3.00	
X:8500000..8600000 	3.00	3.00	3.00	
X:8600000..8700000 	3.00	3.00	3.00	
X:8700000..8800000 	3.00	3.00	3.00	
X:8800000..8900000 	3.00	3.00	3.00	
X:8900000..9000000 	3.00	3.00	3.00	
X:9000000..9100000 	3.00	3.00	3.00	
X:9100000..9200000 	3.00	3.00	3.00	
X:9200000..9300000 	3.00	3.00	3.00	
X:9300000..9400000 	3.00	3.00	3.00	
X:9400000..9500000 	3.00	3.00	3.00	
X:9500000..9600000 	3.00	3.00	3.00	
X:9600000..9700000 	3.00	3.00	3.00	
X:9700000..9800000 	3.00	3.00	3.00	
X:9800000..9900000 	3.00	3.00	3.00	
X:9900000..10000000 	3.00	3.00	3.00	
X:10000000..10100000 	3.00	3.00	3.00	
X:10100000..10200000 	3.00	3.00	3.00	
X:10200000..10300000 	3.00	3.00	3.00	
X:10300000..10400000 	3.00	3.00	3.00	
X:10400000..10500000 	3.00	3.00	3.00	
X:10500000..10600000 	3.00	3.00	3.00	
X:10600000..10700000 	3.00	3.00	3.00	
X:10700000..10800000 	3.00	3.00	3.00	
X:10800000..10900000 	3.00	3.00	3.00	
X:10900000..11000000 	3.00	3.00	3.00	
X:11000000..11100000 	3.00	3.00	3.00	
X:11100000..11200000 	3.00	3.00	3.00	
X:11200000..11300000 	3.00	3.00	3.00	
X:11300000..11400000 	3.00	3.00	3.00	
X:11400000..11500000 	3.00	3.00	3.00	
X:11500000..11600000 	3.00	3.00	3.00	
X:11600000..11700000 	3.00	3.00	3.00	
X:11700000..11800000 	3.00	3.00	3.00	
X:11800000..11900000 	3.00	3.00	3.00	
X:11900000..12000000 	3.00	3.00	3.00	
X:12000000..12100000 	3.00	3.00	3.00	
X:12100000..12200000 	3.00	3.00	3.00	
X:12200000..12300000 	3.00	3.00	3.00	
X:12300000..12400000 	3.00	3.00	3.00	
X:12400000..12500000 	3.00	3.00	3.00	
X:12500000..12600000 	3.00	3.00	3.00	
X:12600000..12700000 	3.00	3.00	3.00	
X:12700000..12800000 	3.00	3.00	3.00	
X:12800000..12900000 	3.00	3.00	3.00	
X:12900000..13000000 	3.00	3.00	3.00	
X:13000000..13100000 	3.00	3.00	3.00	
X:13100000..13200000 	3.00	3.00	3.00	
X:13200000..13300000 	3.00	3.00	3.00	
X:13300000..13400000 	3.00	3.00	3.00	
X:13400000..13500000 	3.00	3.00	3.00	
X:13500000..13600000 	3.00	3.00	3.00	
X:13600000..13700000 	3.00	3.00	3.00	
X:13700000..13800000 	3.00	3.00	3.00	
X:13800000..13900000 	3.00	3.00	3.00	
X:13900000..14000000 	3.00	3.00	3.00	
X:14000000..14100000 	3.00	3.00	3.00	
X:14100000..14200000 	3.00	3.00	3.00	
X:14200000..14300000 	3.00	3.00	3.00	
X:14300000..14400000 	3.00	3.00	3.00	
X:14400000..14500000 	3.00	3.00	3.00	
X:14500000..14600000 	3.00	3.00	3.00	
X:14600000..14700000 	3.00	3.00	3.00	
X:14700000..14800000 	3.00	3.00	3.00	
X:14800000..14900000 	3.00	3.00	3.00	
X:14900000..15000000 	3.00	3.00	3.00	
X:15000000..15100000 	3.00	3.00	3.00	
X:15100000..15200000 	3.00	3.00	3.00	
X:15200000..15300000 	3.00	3.00	3.00	
X:15300000..15400000 	3.00	3.00	3.00	
X:15400000..15500000 	3.00	3.00	3.00	
X:15500000..15600000 	3.00	3.00	3.00	
X:15600000..15700000 	3.00	3.00	3.00	
X:15700000..15800000 	3.00	3.00	3.00	
X:15800000..15900000 	3.00	3.00	3.00	
X:15900000..16000000 	3.00	3.00	3.00	
X:16000000..16100000 	3.00	3.00	3.00	
X:16100000..16200000 	3.00	3.00	3.00	
X:16200000..16300000 	3.00	3.00	3.00	
X:16300000..16400000 	3.00	3.00	3.00	
X:16400000..16500000 	3.00	3.00	3.00	
X:16500000..16600000 	3.00	3.00	3.00	
X:16600000..16700000 	3.00	3.00	3.00	
X:16700000..16800000 	3.00	3.00	3.00	
X:16800000..16900000 	3.00	3.00	3.00	
X:16900000..17000000 	3.00	3.00	3.00	
X:17000000..17100000 	3.00	3.00	3.00	
X:17100000..17200000 	3.00	3.00	3.00	
X:17200000..17300000 	3.00	3.00	3.00	
X:17300000..17400000 	3.00	3.00	3.00	
X:17400000..17500000 	3.00	3.00	3.00	
X:17500000..17600000 	3.00	3.00	3.00	
X:17600000..17700000 	3.00	3.00	3.00	
X:17700000..17800000 	3.00	3.00	3.00	
X:17800000..17900000 	3.00	3.00	3.00	
X:17900000..18000000 	3.00	3.00	3.00	
X:18000000..18100000 	3.00	3.00	3.00	
X:18100000..18200000 	3.00	3.00	3.00	
X:18200000..18300000 	3.00	3.00	3.00	
X:18300000..18400000 	3.00	3.00	3.00	
X:18400000..18500000 	3.00	3.00	3.00	
X:18500000..18600000 	3.00	3.00	3.00	
X:18600000..18700000 	3.00	3.00	3.00	
X:18700000..18800000 	3.00	3.00	3.00	
X:18800000..18900000 	3.00	3.00	3.00	
X:18900000..19000000 	3.00	3.00	3.00	
X:19000000..19100000 	3.00	3.00	3.00	
X:19100000..19200000 	3.00	3.00	3.00	
X:19200000..19300000 	3.00	3.00	3.00	
X:19300000..19400000 	3.00	3.00	3.00	
X:19400000..19500000 	3.00	3.00	3.00	
X:19500000..19600000 	3.00	3.00	3.00	
X:19600000..19700000 	3.00	3.00	3.00	
X:19700000..19800000 	3.00	3.00	3.00	
X:19800000..19900000 	3.00	3.00	3.00	
X:19900000..20000000 	3.00	3.00	3.00	
X:20000000..20100000 	3.00	3.00	3.00	
X:20100000..20200000 	3.00	3.00	3.00	
X:20200000..20300000 	3.00	3.00	3.00	
X:20300000..20400000 	3.00	3.00	3.00	
X:20400000..20500000 	3.00	3.00	3.00	
X:20500000..20600000 	3.00	3.00	3.00	
X:20600000..20700000 	3.00	3.00	3.00	
X:20700000..20800000 	3.00	3.00	3.00	
X:20800000..20900000 	3.00	3.00	3.00	
X:20900000..21000000 	3.00	3.00	3.00	
X:21000000..21100000 	3.00	3.00	3.00	
X:21100000..21200000 	3.00	3.00	3.00	
X:21200000..21300000 	3.00	3.00	3.00	
X:21300000..21400000 	3.00	3.00	3.00	
X:21400000..21500000 	3.00	3.00	3.00	
X:21500000..21600000 	3.00	3.00	3.00	
X:21600000..21700000 	3.00	3.00	3.00	
X:21700000..21800000 	3.00	3.00	3.00	
X:21800000..21900000 	3.00	3.00	3.00	
X:21900000..22000000 	3.00	3.00	3.00	
X:22000000..22100000 	3.00	3.00	3.00	
X:22100000..22200000 	3.00	3.00	3.00	
X:22200000..22300000 	3.00	3.00	3.00	
X:22300000..22400000 	3.00	3.00	3.00	
X:22400000..22422827 	3.00	3.00	3.00	
